100 100
853
682
482
499
57
848
54
376
404
895
871
188
790
987
401
175
321
538
387
865
312
209
552
809
479
830
91
291
60
589
270
776
549
543
237
738
107
168
294
224
789
9
363
878
575
613
500
272
867
119
94
377
393
892
337
663
692
525
649
130
597
592
882
805
116
918
994
891
44
784
233
686
727
102
852
932
209
1
987
883
281
626
119
255
486
362
824
753
542
43
918
818
476
439
951
472
819
744
512
176
54 511
3 103
86 295
57 299
75 834
15 263
54 300
62 139
63 234
47 202
45 435
76 398
86 41
80 628
80 114
37 107
96 133
40 147
95 467
13 377
62 230
8 350
79 508
46 98
40 76
8 5
41 538
89 165
57 34
10 697
90 27
35 152
11 779
12 88
9 153
13 89
80 36
89 207
38 32
81 113
82 555
12 7
71 80
74 56
35 33
21 161
62 94
24 82
82 48
62 62
81 39
69 4
76 229
92 555
77 175
61 222
92 70
3 319
98 480
35 38
8 10
25 419
6 321
42 6
5 7
100 130
21 107
77 5
11 68
79 158
4 438
67 745
90 16
93 166
83 35
95 329
74 33
6 4
93 165
81 59
20 289
40 1
7 7
20 483
24 39
19 325
53 383
3 52
5 30
97 173
12 33
68 257
15 35
51 83
23 122
19 33
80 10
31 267
71 52
71 28
