22 32 36 44 45
4000
70000 100000 200000 1000000
13 29 38 69 82 
7 56 57 58 86 
5 34 56 72 87 
20 46 48 53 59 
17 30 31 42 70 
7 13 14 36 44 
23 25 62 65 84 
24 29 46 55 90 
13 39 49 69 82 
17 19 20 23 76 
33 40 68 75 81 
22 32 36 44 65 
3 11 31 37 50 
18 52 59 82 88 
9 11 27 41 73 
38 52 53 65 90 
15 21 26 27 74 
19 20 38 57 80 
18 26 51 57 66 
28 42 45 57 89 
3 27 31 36 82 
5 13 40 77 87 
9 13 38 39 77 
6 14 15 23 58 
12 36 55 58 83 
49 76 84 87 90 
12 23 47 73 83 
12 27 37 53 89 
11 12 21 28 51 
1 31 59 65 74 
6 43 50 77 90 
4 19 23 36 38 
13 25 64 66 85 
16 28 52 77 79 
5 41 52 78 80 
6 49 73 82 83 
19 27 56 78 79 
2 37 59 72 84 
27 32 74 76 88 
4 11 12 23 29 
7 22 26 70 75 
17 18 38 57 68 
6 19 37 64 70 
23 54 73 75 77 
13 28 53 61 84 
14 15 24 57 83 
10 36 45 76 79 
17 61 64 66 75 
30 48 50 85 87 
2 29 57 73 83 
33 39 41 68 88 
10 17 52 75 78 